2,10
3,3
6,10
6,5
6,10
10,8
8,8
10,10
10,10
0,16
10,12
11,14
11,12
16,16
16,16
10,0
16,16
16,5
3,3
16,4
5,5
16,14
6,8
8,8
13,14
10,10
13,14
12,12
14,14
14,14
15,15
16,16
0,0
16,16
2,2
3,3
5,5
5,5
7,6
7,14
11,11
7,7
11,11
11,11
12,12
14,14
14,14
0,0
15,14
2,3
3,3
8,8
3,3
6,6
8,8
8,8
0,0
2,2
4,9
2,2
9,9
6,8
8,8
6,6
9,9
0,0
9,9
10,10
2,3
3,3
3,4
5,15
6,6
7,12
8,8
9,12
10,10
11,11
12,12
21,15
14,14
15,15
16,16
17,17
20,21
19,20
20,20
21,21
0,0
21,21
3,2
3,3
0,0
3,3
14,4
14,3
4,4
6,22
7,22
7,7
14,22
7,7
12,12
12,12
12,12
13,13
14,14
22,19
16,16
21,19
21,18
19,19
21,20
21,22
22,22
0,0
22,22
5,2
3,5
4,4
5,5
9,9
5,5
8,8
9,9
0,0
9,9
2,3
3,3
4,4
5,5
0,0
5,5
6,6
2,6
3,3
10,6
5,5
8,6
7,7
8,8
9,9
10,0
0,9
10,10
3,2
3,9
9,4
5,5
6,9
9,9
8,8
9,9
0,0
9,9
3,2
3,4
4,4
6,5
6,6
0,0
6,6
10,2
10,6
4,6
5,6
6,6
7,10
10,8
9,10
10,10
0,0
10,10
5,2
4,5
4,5
5,5
7,11
7,11
14,8
11,11
11,10
11,11
12,12
13,13
14,15
15,15
0,0
15,15
2,2
3,5
5,4
5,5
13,13
5,5
10,10
9,10
10,10
13,13
13,12
13,13
0,0
13,13
2,2
3,4
4,4
6,6
6,6
11,17
8,8
12,12
10,10
12,12
12,12
17,17
12,12
15,15
17,17
17,17
0,0
17,17
2,2
4,4
4,4
14,24
4,4
7,7
8,10
10,9
10,10
11,11
13,13
13,13
14,14
15,15
18,24
18,18
18,18
19,19
21,20
21,24
22,22
24,24
24,24
0,0
25,24
5,4
3,3
5,4
5,0
0,4
5,5
12,12
1,1
4,4
5,5
6,6
12,12
6,6
10,10
10,10
12,12
12,12
0,0
12,12
11,3
1,3
5,5
3,3
10,11
10,11
9,11
7,9
10,11
11,11
0,0
13,13
14,14
15,15
17,16
17,17
11,11
17,17
2,4
3,3
4,4
12,12
4,4
12,11
6,6
9,9
12,11
9,9
12,12
0,0
12,12
4,4
4,3
4,4
12,12
4,4
7,8
8,8
9,9
11,11
11,11
12,12
0,0
12,12
2,2
3,3
6,6
5,6
6,6
7,9
17,8
9,9
14,17
12,12
12,12
13,13
14,17
16,16
16,16
17,17
25,26
17,17
20,22
22,22
22,22
24,26
24,24
25,25
26,26
0,0
26,26
4,2
4,7
4,4
4,5
7,7
7,7
8,12
10,9
10,10
12,11
12,12
18,26
12,12
15,15
17,17
17,17
18,26
26,20
20,20
25,26
22,22
23,26
24,24
25,26
26,26
27,0
0,26
0,27
2,4
3,4
4,4
5,5
6,6
10,10
10,10
9,9
10,10
0,0
10,10
5,5
3,3
5,5
5,5
8,27
5,5
8,8
27,27
8,8
13,13
13,12
13,13
27,27
13,13
17,27
17,17
27,26
17,17
24,24
24,21
22,24
24,23
24,24
27,26
27,26
27,27
0,0
27,27
2,4
3,3
6,4
6,5
6,6
0,0
6,6
10,2
5,13
2,2
5,5
8,9
7,7
13,9
9,9
10,13
13,11
12,13
13,13
0,0
13,13
2,2
4,7
4,4
8,7
6,6
7,7
8,0
0,7
8,8
13,12
3,3
4,4
7,12
7,6
7,12
13,8
8,12
13,10
13,12
12,12
13,0
0,12
13,13
30,12
5,4
5,4
5,5
6,6
6,7
9,8
9,9
10,10
12,11
12,12
30,30
12,12
16,16
16,16
18,18
18,18
19,19
20,20
22,21
22,22
30,30
22,22
25,25
26,26
27,27
29,30
29,29
30,30
0,0
30,30
1,2
8,4
4,4
8,7
6,6
7,7
8,9
9,9
0,0
9,9
2,2
21,4
4,4
16,21
4,4
7,11
12,8
9,9
10,10
11,11
15,15
14,13
14,14
15,15
16,16
19,17
18,19
19,19
20,20
21,21
0,0
21,21
2,3
3,3
6,0
3,3
6,0
0,9
9,9
7,7
6,11
9,9
9,0
11,11
2,3
3,3
9,9
3,3
9,9
5,5
9,9
9,9
0,0
9,9
2,2
3,10
4,5
9,5
6,10
7,7
9,8
9,10
0,10
8,0
10,10
2,18
3,3
12,18
3,3
6,6
8,11
8,10
10,10
10,10
11,11
12,12
18,17
14,14
15,17
18,16
18,17
18,18
0,0
18,18
2,2
8,4
4,4
8,16
6,6
7,8
8,8
16,16
8,8
13,11
13,13
13,13
14,14
16,16
16,16
0,0
16,16
2,10
3,3
4,10
15,5
6,10
9,7
10,8
9,9
10,10
15,15
14,15
14,13
14,14
15,15
0,0
15,15
2,3
3,3
15,14
5,5
8,14
5,5
8,14
11,9
11,14
11,11
12,14
13,13
16,14
16,15
16,16
17,17
19,19
19,19
0,0
19,19
2,2
10,10
2,2
5,5
10,10
5,5
10,10
9,9
10,10
0,0
10,10
2,2
3,3
6,13
5,5
6,6
16,13
8,8
9,9
16,13
11,12
12,12
13,13
14,16
15,15
16,16
0,0
16,16
2,2
3,3
4,4
11,10
4,4
7,10
8,8
9,9
10,10
11,0
0,10
11,11
2,2
4,4
2,2
5,8
8,7
7,7
8,8
15,15
10,10
15,11
13,13
13,13
14,15
15,15
17,16
17,0
0,16
17,17
2,3
3,3
4,7
7,5
6,7
7,7
8,8
17,17
8,8
11,12
12,12
13,14
17,14
15,15
17,17
17,17
0,0
17,17
18,18
2,5
5,3
3,4
5,5
12,12
5,5
12,12
9,9
11,11
11,11
12,12
0,0
12,12
2,2
3,3
6,4
6,6
6,6
0,0
6,6
2,4
3,3
4,4
8,8
4,4
8,8
8,8
0,0
8,8
9,9
3,2
3,3
7,7
0,3
6,6
7,7
0,0
7,7
2,2
12,12
2,2
13,12
4,8
8,7
8,8
9,9
12,12
12,12
12,12
0,0
12,12
13,13
2,2
3,10
4,4
5,5
6,7
7,7
8,8
10,10
10,10
0,0
10,10
2,12
5,3
3,4
5,5
6,12
8,7
8,12
9,9
17,12
11,11
12,12
15,17
14,14
15,15
17,17
17,17
0,0
17,17
18,18
2,2
3,3
7,7
3,3
7,6
7,7
0,0
7,7
2,2
3,3
23,4
5,6
6,6
7,14
23,8
14,9
12,14
13,11
12,14
13,13
14,14
18,16
16,16
18,17
18,18
23,23
20,20
23,23
22,22
23,23
0,24
23,0
24,24
2,10
3,3
4,5
5,5
10,10
5,5
8,8
10,10
10,10
0,0
10,10
2,4
3,3
4,4
7,11
6,6
7,11
0,8
7,11
10,10
12,11
12,12
17,20
14,14
15,16
16,16
17,17
20,18
19,19
20,20
23,23
22,22
22,23
0,0
23,23
2,3
3,3
8,6
8,5
6,6
8,7
8,9
9,9
10,10
13,13
12,12
13,13
16,19
16,16
16,16
17,17
24,18
19,19
20,20
21,24
24,23
23,23
24,24
0,0
24,24
10,10
1,1
4,4
7,7
6,6
7,7
10,10
7,7
10,10
0,0
10,10
2,2
3,10
8,10
8,10
8,10
8,10
8,8
15,10
10,10
12,15
12,12
13,13
15,15
15,15
16,16
27,29
16,16
16,21
16,20
24,21
22,22
24,24
24,24
27,29
27,26
27,27
29,29
29,29
0,0
29,29
2,2
3,3
6,6
6,5
6,6
7,10
9,9
9,9
10,10
0,0
10,10
4,3
4,3
4,4
7,9
6,6
7,9
8,9
9,9
18,18
9,9
12,12
13,13
15,18
15,18
18,16
18,18
18,18
0,0
18,18
4,4
3,3
4,4
9,9
4,4
7,9
9,8
9,9
0,0
9,9
6,6
3,3
4,6
6,5
6,6
8,8
8,8
0,0
8,8
29,29
1,1
4,7
7,7
4,7
7,7
16,29
7,7
10,10
16,11
12,21
15,13
15,16
15,15
16,16
29,21
18,18
21,21
22,20
21,21
22,22
29,29
22,22
25,29
29,26
27,27
28,28
29,29
0,0
29,29
2,2
9,9
6,6
6,6
6,6
7,7
9,9
9,9
0,0
9,9
10,10
6,3
4,3
6,4
6,5
6,6
0,0
6,6
664
1005
Accuracy :  0.660696517413
